1675
1679
1194
1699
1703
2170
1723
1727
2194
1747
1751
2218
1771
1775
2242
1795
1799
2266
1819
1823
2290
1843
1847
2314
1867
1871
2338
1891
1895
2362
1915
1919
2386
1939
1943
2410
1963
1967
2434
1987
1991
2458
2011
2015
2482
2035
2039
2506
2059
2063
2530
2083
2087
2554
2107
2111
2578
2131
2135
2602
2155
2159
2626
2179
2183
2650
2203
2207
2674
2227
2231
2698
2251
2255
2722
2275
2279
2746
2299
2303
2770
2323
2327
2794
2347
2351
2818
2371
2375
2842
2395
2399
2866
2419
2423
2890
2443
2447
2914
2467
2471
2938
2491
2495
2962
2515
2519
2986
2539
2543
3010
2563
2567
3034
2587
2591
3058
2611
2615
3082
2635
2639
3106
2659
2663
3130
2683
2687
3154
2707
2711
3178
2731
2735
3202
2755
2759
3226
2779
2783
3250
2803
2807
3274
2827
2831
3298
2851
2855
3322
2875
2879
3346
2899
2903
3370
2923
2927
3394
2947
2951
3418
2971
2975
3442
2995
2999
3466
3019
3023
3490
3043
3047
3514
3067
3071
3538
3091
3095
3562
3115
3119
3586
3139
3143
3610
3163
3167
3634
492
496
751
747
500
503
758
755
507
511
766
762
515
518
773
770
522
526
781
777
530
533
788
785
537
541
796
792
545
548
803
800
552
556
811
807
560
563
818
815
567
571
826
822
575
578
833
830
582
586
841
837
590
593
848
845
597
601
856
852
605
608
863
860
612
616
871
867
620
623
878
875
627
631
886
882
635
638
893
890
642
646
901
897
650
653
908
905
657
661
916
912
665
668
923
920
672
676
931
927
680
683
938
935
687
691
946
942
695
698
953
950
492
496
751
747
500
503
758
755
702
706
961
957
710
713
968
965
507
511
766
762
515
518
773
770
717
721
976
972
725
728
983
980
522
526
781
777
530
533
788
785
732
736
991
987
740
743
998
995
537
541
796
792
545
548
803
800
747
751
1006
1002
755
758
1013
1010
552
556
811
807
560
563
818
815
762
766
1021
1017
770
773
1028
1025
567
571
826
822
575
578
833
830
777
781
1036
1032
785
788
1043
1040
582
586
841
837
590
593
848
845
792
796
1051
1047
800
803
1058
1055
597
601
856
852
605
608
863
860
807
811
1066
1062
815
818
1073
1070
612
616
871
867
620
623
878
875
822
826
1081
1077
830
833
1088
1085
627
631
886
882
635
638
893
890
837
841
1096
1092
845
848
1103
1100
642
646
901
897
650
653
908
905
852
856
1111
1107
860
863
1118
1115
657
661
916
912
665
668
923
920
867
871
1126
1122
875
878
1133
1130
672
676
931
927
680
683
938
935
882
886
1141
1137
890
893
1148
1145
687
691
946
942
695
698
953
950
492
496
751
897
901
1156
747
1152
500
503
758
905
908
1163
1160
