0000 0000                               ....
0000 0000                               ....
0000 0000                               ....
0000 0000                               ....
0000 0000                               ....
0000 0000                               ....
0000 0000                               ....
0000 0000                               ....
0000 0000                               ....
0000 0000                               ....
0000 0000                               ....
0000 0000                               ....
0000 0000                               ....
0000 0000                               ....
0000 0000                               ....
0000 0000                               ....
0000 0000                               ....
0000 0000                               ....
0000 0000                               ....
0000 0000                               ....
0000 0000                               ....
0000 0000                               ....
0000 0000                               ....
0000 0000                               ....
0000 0000                               ....
0000 0000                               ....
0000 0000                               ....
0000 0000                               ....
0000 0000                               ....
0000 0000                               ....
0x0000 : 00 00 00 00 00 00 00 00 00 00 00 00 00 00 00 00 00 00 00 00 00 00 00 00 00 00 00 00 00 00 00 00 00 00 00 00 00 00 00 00 00 00 00 00 00 00 00 00 00 00 00 00 00 00 00 00 00 00 00 00 00 00 00 00 
0x0040 : 00 00 00 00 00 00 00 00 00 00 00 00 00 00 00 00 00 00 00 00 00 00 00 00 00 00 00 00 00 43 02 90 00 00 00 00 02 02 90 00 00 00 00 10 01 ff ff ff ff 03 70 02 ff e8 03 70 02 ff df 03 70 02 ff d6 
0x0080 : 03 70 02 ff cd 03 70 02 ff c4 03 70 02 ff bb 03 70 02 ff b2 03 70 02 ff a9 03 70 02 ff a0 03 70 02 ff 97 03 70 02 ff 8e 03 70 02 ff 85 03 70 02 ff 7c 03 70 02 ff 73 03 70 02 ff 6a 03 70 02 ff 
0x00c0 : 61 03 70 02 ff 58 03 70 02 ff 4f 03 70 02 ff 46 03 70 02 ff 3d 03 70 02 ff 34 03 70 02 ff 2b 03 70 02 ff 22 03 70 02 ff 19 03 70 02 ff 10 03 70 02 ff 07 03 70 02 fe fe 03 70 02 fe f5 03 70 02 
0x0100 : fe ec 03 70 02 fe e3 03 70 02 fe da 03 70 02 fe d1 03 70 02 fe c8 03 70 02 fe bf 03 70 02 fe b6 03 70 02 fe ad 03 70 02 fe a4 03 70 02 fe 9b 03 70 02 fe 92 03 70 02 fe 89 03 70 02 fe 80 03 70 
0x0140 : 02 fe 77 03 70 02 fe 6e 03 70 02 fe 65 03 70 02 fe 5c 03 70 02 fe 53 03 70 02 fe 4a 03 70 02 fe 41 03 70 02 fe 38 03 70 02 fe 2f 03 70 02 fe 26 03 70 02 fe 1d 03 70 02 fe 14 03 70 02 fe 0b 03 
0x0180 : 70 02 fe 02 09 fe e8 01 ff ff ff ff 0c ff fb 02 90 00 00 00 00 10 01 ff ff ff ff 09 ff fb 01 ff ff ff ff 09 00 03 0c ff f8 01 ff ff ff ff 0c 00 5e 01 ff ff ff ff 0c 00 2f 01 ff ff ff ff 0c 00 
0x01c0 : 84 02 90 ff ff ff ff 02 02 90 0f 03 70 03 03 02 90 00 00 00 00 10 01 ff ff ff ff 02 90 00 00 00 00 10 09 00 78 01 ff ff ff ff 0c fe 74 02 90 0f 03 70 03 02 02 90 17 03 70 03 03 02 90 00 00 00 
0x0200 : 00 10 02 90 00 00 00 00 10 09 00 51 01 ff ff ff ff 0c ff 98 01 ff ff ff ff 0c ff 6e 02 90 ff ff 01 00 02 02 90 1a 03 70 03 03 02 90 00 00 00 00 10 02 90 00 00 00 00 10 02 90 00 00 00 00 10 09 
0x0240 : 00 1b 02 90 03 70 02 00 02 02 90 13 03 70 03 03 02 90 00 00 00 00 10 09 00 03 03 70 02 00 13 03 70 03 ff ff 01 00 00 00 00 0f 03 70 03 00 00 00 00 00 00 00 00 00 00 00 00 00 00 00 00 00 00 00 
0x0280 : 00 00 00 00 00 00 00 00 00 00 00 00 00 00 00 00 00 00 00 00 00 00 00 00 00 00 00 00 00 00 00 00 00 00 00 00 00 00 00 00 00 00 00 00 00 00 00 00 00 00 00 00 00 00 00 00 00 00 00 00 00 00 00 00 
0x02c0 : 00 00 00 00 00 00 00 00 00 00 00 00 00 00 00 00 00 00 00 00 00 00 00 00 00 00 00 00 00 00 00 00 00 00 00 00 00 00 00 00 00 00 00 00 00 00 00 00 00 00 00 00 00 00 00 00 00 00 00 00 00 00 00 00 
0x0300 : 00 00 00 00 00 00 00 00 00 00 00 00 00 00 00 00 00 00 00 00 00 00 00 00 00 00 00 00 00 00 00 00 00 00 00 00 00 00 00 00 00 00 00 00 00 00 00 00 00 00 00 00 00 00 00 00 00 00 00 00 00 00 00 00 
0x0340 : 00 00 00 00 00 00 00 00 00 00 00 00 00 00 00 00 00 00 00 00 00 00 00 00 00 00 00 00 00 00 00 00 00 00 00 00 00 00 00 00 00 00 00 00 00 00 00 00 00 00 00 00 00 00 00 00 00 00 00 00 00 00 00 00 
0x0380 : 00 00 00 00 00 00 00 00 00 00 00 00 00 00 00 00 00 00 00 00 00 00 00 00 00 00 00 00 00 00 00 00 00 00 00 00 00 00 00 00 00 00 00 00 00 00 00 00 00 00 00 00 00 00 00 00 00 00 00 00 00 00 00 00 
0x03c0 : 00 00 00 00 00 00 00 00 00 00 00 00 00 00 00 00 00 00 00 00 00 00 00 00 00 00 00 00 00 00 00 00 00 00 00 00 00 00 00 00 00 00 00 00 00 00 00 00 00 00 00 00 00 00 00 00 00 00 00 00 00 00 00 00 
0x0400 : 00 00 00 00 00 00 00 00 00 00 00 00 00 00 00 00 00 00 00 00 00 00 00 00 00 00 00 00 00 00 00 00 00 00 00 00 00 00 00 00 00 00 00 00 00 00 00 00 00 00 00 00 00 00 00 00 00 00 00 00 00 00 00 00 
0x0440 : 00 00 00 00 00 00 00 00 00 00 00 00 00 00 00 00 00 00 00 00 00 00 00 00 00 00 00 00 00 00 00 00 00 00 00 00 00 00 00 00 00 00 00 00 00 00 00 00 00 00 00 00 00 00 00 00 00 00 00 00 00 00 00 00 
0x0480 : 00 00 00 00 00 00 00 00 00 00 00 00 00 00 00 00 00 00 00 00 00 00 00 00 00 00 00 00 00 00 00 00 00 00 00 00 00 00 00 00 00 00 00 00 00 00 00 00 00 00 00 00 00 00 00 00 00 00 00 00 00 00 00 00 
0x04c0 : 00 00 00 00 00 00 00 00 00 00 00 00 00 00 00 00 00 00 00 00 00 00 00 00 00 00 00 00 00 00 00 00 00 00 00 00 00 00 00 00 00 00 00 00 00 00 00 00 00 00 00 00 00 00 00 00 00 00 00 00 00 00 00 00 
0x0500 : 00 00 00 00 00 00 00 00 00 00 00 00 00 00 00 00 00 00 00 00 00 00 00 00 00 00 00 00 00 00 00 00 00 00 00 00 00 00 00 00 00 00 00 00 00 00 00 00 00 00 00 00 00 00 00 00 00 00 00 00 00 00 00 00 
0x0540 : 00 00 00 00 00 00 00 00 00 00 00 00 00 00 00 00 00 00 00 00 00 00 00 00 00 00 00 00 00 00 00 00 00 00 00 00 00 00 00 00 00 00 00 00 00 00 00 00 00 00 00 00 00 00 00 00 00 00 00 00 00 00 00 00 
0x0580 : 00 00 00 00 00 00 00 00 00 00 00 00 00 00 00 00 00 00 00 00 00 00 00 00 00 00 00 00 00 00 00 00 00 00 00 00 00 00 00 00 00 00 00 00 00 00 00 00 00 00 00 00 00 00 00 00 00 00 00 00 00 00 00 00 
0x05c0 : 00 00 00 00 00 00 00 00 00 00 00 00 00 00 00 00 00 00 00 00 00 00 00 00 00 00 00 00 00 00 00 00 00 00 00 00 00 00 00 00 00 00 00 00 00 00 00 00 00 00 00 00 00 00 00 00 00 00 00 00 00 00 00 00 
0x0600 : 00 00 00 00 00 00 00 00 00 00 00 00 00 00 00 00 00 00 00 00 00 00 00 00 00 00 00 00 00 00 00 00 00 00 00 00 00 00 00 00 00 00 00 00 00 00 00 00 00 00 00 00 00 00 00 00 00 00 00 00 00 00 00 00 
0x0640 : 00 00 00 00 00 00 00 00 00 00 00 00 00 00 00 00 00 00 00 00 00 00 00 00 00 00 00 00 00 00 00 00 00 00 00 00 00 00 00 00 00 00 00 00 00 00 00 00 00 00 00 00 00 00 00 00 00 00 00 00 00 00 00 00 
0x0680 : 00 00 00 00 00 00 00 00 00 00 00 00 00 00 00 00 00 00 00 00 00 00 00 00 00 00 00 00 00 00 00 00 00 00 00 00 00 00 00 00 00 00 00 00 00 00 00 00 00 00 00 00 00 00 00 00 00 00 00 00 00 00 00 00 
0x06c0 : 00 00 00 00 00 00 00 00 00 00 00 00 00 00 00 00 00 00 00 00 00 00 00 00 00 00 00 00 00 00 00 00 00 00 00 00 00 00 00 00 00 00 00 00 00 00 00 00 00 00 00 00 00 00 00 00 00 00 00 00 00 00 00 00 
0x0700 : 00 00 00 00 00 00 00 00 00 00 00 00 00 00 00 00 00 00 00 00 00 00 00 00 00 00 00 00 00 00 00 00 00 00 00 00 00 00 00 00 00 00 00 00 00 00 00 00 00 00 00 00 00 00 00 00 00 00 00 00 00 00 00 00 
0x0740 : 00 00 00 00 00 00 00 00 00 00 00 00 00 00 00 00 00 00 00 00 00 00 00 00 00 00 00 00 00 00 00 00 00 00 00 00 00 00 00 00 00 00 00 00 00 00 00 00 00 00 00 00 00 00 00 00 00 00 00 00 00 00 00 00 
0x0780 : 00 00 00 00 00 00 00 00 00 00 00 00 00 00 00 00 00 00 00 00 00 00 00 00 00 00 00 00 00 00 00 00 00 00 00 00 00 00 00 00 00 00 00 00 00 00 00 00 00 00 00 00 00 00 00 00 00 00 00 00 00 00 00 00 
0x07c0 : 00 00 00 00 00 00 00 00 00 00 00 00 00 00 00 00 00 00 00 00 00 00 00 00 00 00 00 00 00 00 00 00 00 00 00 00 00 00 00 00 00 00 00 00 00 00 00 00 00 00 00 00 00 00 00 00 00 00 00 00 00 00 00 00 
0x0800 : 00 00 00 00 00 00 00 00 00 00 00 00 00 00 00 00 00 00 00 00 00 00 00 00 00 00 00 00 00 00 00 00 00 00 00 00 00 00 00 00 00 00 00 00 00 00 00 00 00 00 00 00 00 00 00 00 00 00 00 00 00 00 00 00 
0x0840 : 00 00 00 00 00 00 00 00 00 00 00 00 00 00 00 00 00 00 00 00 00 00 00 00 00 00 00 00 00 00 00 00 00 00 00 00 00 00 00 00 00 00 00 00 00 00 00 00 00 00 00 00 00 00 00 00 00 00 00 00 00 00 00 00 
0x0880 : 00 00 00 00 00 00 00 00 00 00 00 00 00 00 00 00 00 00 00 00 00 00 00 00 00 00 00 00 00 00 00 00 00 00 00 00 00 00 00 00 00 00 00 00 00 00 00 00 00 00 00 00 00 00 00 00 00 00 00 00 00 00 00 00 
0x08c0 : 00 00 00 00 00 00 00 00 00 00 00 00 00 00 00 00 00 00 00 00 00 00 00 00 00 00 00 00 00 00 00 00 00 00 00 00 00 00 00 00 00 00 00 00 00 00 00 00 00 00 00 00 00 00 00 00 00 00 00 00 00 00 00 00 
0x0900 : 00 00 00 00 00 00 00 00 00 00 00 00 00 00 00 00 00 00 00 00 00 00 00 00 00 00 00 00 00 00 00 00 00 00 00 00 00 00 00 00 00 00 00 00 00 00 00 00 00 00 00 00 00 00 00 00 00 00 00 00 00 00 00 00 
0x0940 : 00 00 00 00 00 00 00 00 00 00 00 00 00 00 00 00 00 00 00 00 00 00 00 00 00 00 00 00 00 00 00 00 00 00 00 00 00 00 00 00 00 00 00 00 00 00 00 00 00 00 00 00 00 00 00 00 00 00 00 00 00 00 00 00 
0x0980 : 00 00 00 00 00 00 00 00 00 00 00 00 00 00 00 00 00 00 00 00 00 00 00 00 00 00 00 00 00 00 00 00 00 00 00 00 00 00 00 00 00 00 00 00 00 00 00 00 00 00 00 00 00 00 00 00 00 00 00 00 00 00 00 00 
0x09c0 : 00 00 00 00 00 00 00 00 00 00 00 00 00 00 00 00 00 00 00 00 00 00 00 00 00 00 00 00 00 00 00 00 00 00 00 00 00 00 00 00 00 00 00 00 00 00 00 00 00 00 00 00 00 00 00 00 00 00 00 00 00 00 00 00 
0x0a00 : 00 00 00 00 00 00 00 00 00 00 00 00 00 00 00 00 00 00 00 00 00 00 00 00 00 00 00 00 00 00 00 00 00 00 00 00 00 00 00 00 00 00 00 00 00 00 00 00 00 00 00 00 00 00 00 00 00 00 00 00 00 00 00 00 
0x0a40 : 00 00 00 00 00 00 00 00 00 00 00 00 00 00 00 00 00 00 00 00 00 00 00 00 00 00 00 00 00 00 00 00 00 00 00 00 00 00 00 00 00 00 00 00 00 00 00 00 00 00 00 00 00 00 00 00 00 00 00 00 00 00 00 00 
0x0a80 : 00 00 00 00 00 00 00 00 00 00 00 00 00 00 00 00 00 00 00 00 00 00 00 00 00 00 00 00 00 00 00 00 00 00 00 00 00 00 00 00 00 00 00 00 00 00 00 00 00 00 00 00 00 00 00 00 00 00 00 00 00 00 00 00 
0x0ac0 : 00 00 00 00 00 00 00 00 00 00 00 00 00 00 00 00 00 00 00 00 00 00 00 00 00 00 00 00 00 00 00 00 00 00 00 00 00 00 00 00 00 00 00 00 00 00 00 00 00 00 00 00 00 00 00 00 00 00 00 00 00 00 00 00 
0x0b00 : 00 00 00 00 00 00 00 00 00 00 00 00 00 00 00 00 00 00 00 00 00 00 00 00 00 00 00 00 00 00 00 00 00 00 00 00 00 00 00 00 00 00 00 00 00 00 00 00 00 00 00 00 00 00 00 00 00 00 00 00 00 00 00 00 
0x0b40 : 00 00 00 00 00 00 00 00 00 00 00 00 00 00 00 00 00 00 00 00 00 00 00 00 00 00 00 00 00 00 00 00 00 00 00 00 00 00 00 00 00 00 00 00 00 00 00 00 00 00 00 00 00 00 00 00 00 00 00 00 00 00 00 00 
0x0b80 : 00 00 00 00 00 00 00 00 00 00 00 00 00 00 00 00 00 00 00 00 00 00 00 00 00 00 00 00 00 00 00 00 00 00 00 00 00 00 00 00 00 00 00 00 00 00 00 00 00 00 00 00 00 00 00 00 00 00 00 00 00 00 00 00 
0x0bc0 : 00 00 00 00 00 00 00 00 00 00 00 00 00 00 00 00 00 00 00 00 00 00 00 00 00 00 00 00 00 00 00 00 00 00 00 00 00 00 00 00 00 00 00 00 00 00 00 00 00 00 00 00 00 00 00 00 00 00 00 00 00 00 00 00 
0x0c00 : 00 00 00 00 00 00 00 00 00 00 00 00 00 00 00 00 00 00 00 00 00 00 00 00 00 00 00 00 00 00 00 00 00 00 00 00 00 00 00 00 00 00 00 00 00 00 00 00 00 00 00 00 00 00 00 00 00 00 00 00 00 00 00 00 
0x0c40 : 00 00 00 00 00 00 00 00 00 00 00 00 00 00 00 00 00 00 00 00 00 00 00 00 00 00 00 00 00 00 00 00 00 00 00 00 00 00 00 00 00 00 00 00 00 00 00 00 00 00 00 00 00 00 00 00 00 00 00 00 00 00 00 00 
0x0c80 : 00 00 00 00 00 00 00 00 00 00 00 00 00 00 00 00 00 00 00 00 00 00 00 00 00 00 00 00 00 00 00 00 00 00 00 00 00 00 00 00 00 00 00 00 00 00 00 00 00 00 00 00 00 00 00 00 00 00 00 00 00 00 00 00 
0x0cc0 : 00 00 00 00 00 00 00 00 00 00 00 00 00 00 00 00 00 00 00 00 00 00 00 00 00 00 00 00 00 00 00 00 00 00 00 00 00 00 00 00 00 00 00 00 00 00 00 00 00 00 00 00 00 00 00 00 00 00 00 00 00 00 00 00 
0x0d00 : 00 00 00 00 00 00 00 00 00 00 00 00 00 00 00 00 00 00 00 00 00 00 00 00 00 00 00 00 00 00 00 00 00 00 00 00 00 00 00 00 00 00 00 00 00 00 00 00 00 00 00 00 00 00 00 00 00 00 00 00 00 00 00 00 
0x0d40 : 00 00 00 00 00 00 00 00 00 00 00 00 00 00 00 00 00 00 00 00 00 00 00 00 00 00 00 00 00 00 00 00 00 00 00 00 00 00 00 00 00 00 00 00 00 00 00 00 00 00 00 00 00 00 00 00 00 00 00 00 00 00 00 00 
0x0d80 : 00 00 00 00 00 00 00 00 00 00 00 00 00 00 00 00 00 00 00 00 00 00 00 00 00 00 00 00 00 00 00 00 00 00 00 00 00 00 00 00 00 00 00 00 00 00 00 00 00 00 00 00 00 00 00 00 00 00 00 00 00 00 00 00 
0x0dc0 : 00 00 00 00 00 00 00 00 00 00 00 00 00 00 00 00 00 00 00 00 00 00 00 00 00 00 00 00 00 00 00 00 00 00 00 00 00 00 00 00 00 00 00 00 00 00 00 00 00 00 00 00 00 00 00 00 00 00 00 00 00 00 00 00 
0x0e00 : 00 00 00 00 00 00 00 00 00 00 00 00 00 00 00 00 00 00 00 00 00 00 00 00 00 00 00 00 00 00 00 00 00 00 00 00 00 00 00 00 00 00 00 00 00 00 00 00 00 00 00 00 00 00 00 00 00 00 00 00 00 00 00 00 
0x0e40 : 00 00 00 00 00 00 00 00 00 00 00 00 00 00 00 00 00 00 00 00 00 00 00 00 00 00 00 00 00 00 00 00 00 00 00 00 00 00 00 00 00 00 00 00 00 00 00 00 00 00 00 00 00 00 00 00 00 00 00 00 00 00 00 00 
0x0e80 : 00 00 00 00 00 00 00 00 00 00 00 00 00 00 00 00 00 00 00 00 00 00 00 00 00 00 00 00 00 00 00 00 00 00 00 00 00 00 00 00 00 00 00 00 00 00 00 00 00 00 00 00 00 00 00 00 00 00 00 00 00 00 00 00 
0x0ec0 : 00 00 00 00 00 00 00 00 00 00 00 00 00 00 00 00 00 00 00 00 00 00 00 00 00 00 00 00 00 00 00 00 00 00 00 00 00 00 00 00 00 00 00 00 00 00 00 00 00 00 00 00 00 00 00 00 00 00 00 00 00 00 00 00 
0x0f00 : 00 00 00 00 00 00 00 00 00 00 00 00 00 00 00 00 00 00 00 00 00 00 00 00 00 00 00 00 00 00 00 00 00 00 00 00 00 00 00 00 00 00 00 00 00 00 00 00 00 00 00 00 00 00 00 00 00 00 00 00 00 00 00 00 
0x0f40 : 00 00 00 00 00 00 00 00 00 00 00 00 00 00 00 00 00 00 00 00 00 00 00 00 00 00 00 00 00 00 00 00 00 00 00 00 00 00 00 00 00 00 00 00 00 00 00 00 00 00 00 00 00 00 00 00 00 00 00 00 00 00 00 00 
0x0f80 : 00 00 00 00 00 00 00 00 00 00 00 00 00 00 00 00 00 00 00 00 00 00 00 00 00 00 00 00 00 00 00 00 00 00 00 00 00 00 00 00 00 00 00 00 00 00 00 00 00 00 00 00 00 00 00 00 00 00 00 00 00 00 00 00 
0x0fc0 : 00 00 00 00 00 00 00 00 00 00 00 00 00 00 00 00 00 00 00 00 00 00 00 00 00 00 00 00 00 00 00 00 00 00 00 00 00 00 00 00 00 00 00 00 00 00 00 00 00 00 00 00 00 00 00 00 00 00 00 00 00 00 00 00 
----------------------------------
Cycle : 4410
Period : 3
Number of Process : 16
Cycle to die : 1536
Last alive cham : 1
----------------------------------
hi2
dir
hi
hi2
dir
hi
hi2
dir
hi
hi2
dir
hi
hi2
dir
hi
hi2
dir
hi
hi2
dir
hi
hi2
dir
hi
hi2
dir
hi
hi2
dir
hi
hi2
dir
hi
hi2
dir
hi
came in cycle for 3 : 4381
came in cycle for 1 : 4381
came in cycle for 2 : 4381
came in cycle for 2 : 4381
came in cycle for 9 : 4381
executing cycle for 3 : 4385


here is me!!
idx_cham : 0
idx_proc : 0
op : 3
pc : 13e
carry : 1
cycle : 4385
r1 : -1
r2 : 0
r3 : 0
r4 : 0
r5 : 0
r6 : 0
r7 : 0
r8 : 0
r9 : 0
r10 : 0
r13 : 0
r14 : 0
r15 : 0

((char*)(targ->arg))[0] : 2
type_arg.val_reg[0] : 0
executing cycle for 12 : 4385


here is me!!
idx_cham : 0
idx_proc : 2
op : 12
pc : 1b6
carry : 1
cycle : 4385
r1 : -1
r2 : 0
r3 : 0
r4 : 0
r5 : 0
r6 : 0
r7 : 0
r8 : 0
r9 : 0
r10 : 0
r13 : 0
r14 : 0
r15 : 0

executing cycle for 2 : 4385


here is me!!
idx_cham : 0
idx_proc : 3
op : 2
pc : 231
carry : 1
cycle : 4385
r1 : -1
r2 : -65280
r3 : 436432899
r4 : 0
r5 : 0
r6 : 0
r7 : 0
r8 : 0
r9 : 0
r10 : 0
r13 : 0
r14 : 0
r15 : 0

executing cycle for 2 : 4385


here is me!!
idx_cham : 0
idx_proc : 5
op : 2
pc : 202
carry : 1
cycle : 4385
r1 : -1
r2 : 251883523
r3 : 386101251
r4 : 0
r5 : 0
r6 : 0
r7 : 0
r8 : 0
r9 : 0
r10 : 0
r13 : 0
r14 : 0
r15 : 0

executing cycle for 12 : 4385


here is me!!
idx_cham : 0
idx_proc : 7
op : 12
pc : 211
carry : 1
cycle : 4385
r1 : -1
r2 : 0
r3 : 0
r4 : 0
r5 : 0
r6 : 0
r7 : 0
r8 : 0
r9 : 0
r10 : 0
r13 : 0
r14 : 0
r15 : 0

executing cycle for 1 : 4385


here is me!!
idx_cham : 0
idx_proc : b
op : 1
pc : 6c
carry : 1
cycle : 4385
r1 : -1
r2 : 0
r3 : 0
r4 : 0
r5 : 0
r6 : 0
r7 : 0
r8 : 0
r9 : 0
r10 : 0
r13 : 0
r14 : 0
r15 : 0

came in cycle for 3 : 4386
came in cycle for 1 : 4386
came in cycle for 2 : 4386
came in cycle for 9 : 4386
came in cycle for 1 : 4386
came in cycle for 3 : 4386
came in cycle for 1 : 4386
came in cycle for 1 : 4386
executing cycle for 3 : 4390


here is me!!
idx_cham : 0
idx_proc : 0
op : 3
pc : 143
carry : 1
cycle : 4390
r1 : -1
r2 : 0
r3 : 0
r4 : 0
r5 : 0
r6 : 0
r7 : 0
r8 : 0
r9 : 0
r10 : 0
r13 : 0
r14 : 0
r15 : 0

((char*)(targ->arg))[0] : 2
type_arg.val_reg[0] : 0
executing cycle for 1 : 4390


here is me!!
idx_cham : 0
idx_proc : 1
op : 1
pc : 1d6
carry : 1
cycle : 4390
r1 : -1
r2 : -1
r3 : 251883523
r4 : 0
r5 : 0
r6 : 0
r7 : 0
r8 : 0
r9 : 0
r10 : 0
r13 : 0
r14 : 0
r15 : 0

executing cycle for 2 : 4390


here is me!!
idx_cham : 0
idx_proc : 3
op : 2
pc : 238
carry : 1
cycle : 4390
r1 : -1
r2 : -65280
r3 : 436432899
r4 : 0
r5 : 0
r6 : 0
r7 : 0
r8 : 0
r9 : 0
r10 : 0
r13 : 0
r14 : 0
r15 : 0

executing cycle for 3 : 4390


here is me!!
idx_cham : 0
idx_proc : b
op : 3
pc : 71
carry : 1
cycle : 4390
r1 : -1
r2 : 0
r3 : 0
r4 : 0
r5 : 0
r6 : 0
r7 : 0
r8 : 0
r9 : 0
r10 : 0
r13 : 0
r14 : 0
r15 : 0

((char*)(targ->arg))[0] : 2
type_arg.val_reg[0] : 0
came in cycle for 3 : 4391
came in cycle for 2 : 4391
came in cycle for 9 : 4391
came in cycle for 3 : 4391
executing cycle for 3 : 4395


here is me!!
idx_cham : 0
idx_proc : 0
op : 3
pc : 148
carry : 1
cycle : 4395
r1 : -1
r2 : 0
r3 : 0
r4 : 0
r5 : 0
r6 : 0
r7 : 0
r8 : 0
r9 : 0
r10 : 0
r13 : 0
r14 : 0
r15 : 0

((char*)(targ->arg))[0] : 2
type_arg.val_reg[0] : 0
executing cycle for 2 : 4395


here is me!!
idx_cham : 0
idx_proc : 1
op : 2
pc : 1db
carry : 1
cycle : 4395
r1 : -1
r2 : -1
r3 : 251883523
r4 : 0
r5 : 0
r6 : 0
r7 : 0
r8 : 0
r9 : 0
r10 : 0
r13 : 0
r14 : 0
r15 : 0

executing cycle for 1 : 4395


here is me!!
idx_cham : 0
idx_proc : 2
op : 1
pc : 1b9
carry : 1
cycle : 4395
r1 : -1
r2 : 0
r3 : 0
r4 : 0
r5 : 0
r6 : 0
r7 : 0
r8 : 0
r9 : 0
r10 : 0
r13 : 0
r14 : 0
r15 : 0

executing cycle for 1 : 4395


here is me!!
idx_cham : 0
idx_proc : 7
op : 1
pc : 214
carry : 1
cycle : 4395
r1 : -1
r2 : 0
r3 : 0
r4 : 0
r5 : 0
r6 : 0
r7 : 0
r8 : 0
r9 : 0
r10 : 0
r13 : 0
r14 : 0
r15 : 0

executing cycle for 3 : 4395


here is me!!
idx_cham : 0
idx_proc : b
op : 3
pc : 76
carry : 1
cycle : 4395
r1 : -1
r2 : 0
r3 : 0
r4 : 0
r5 : 0
r6 : 0
r7 : 0
r8 : 0
r9 : 0
r10 : 0
r13 : 0
r14 : 0
r15 : 0

((char*)(targ->arg))[0] : 2
type_arg.val_reg[0] : 0
executing cycle for 1 : 4395


here is me!!
idx_cham : 0
idx_proc : d
op : 1
pc : 1e5
carry : 1
cycle : 4395
r1 : -1
r2 : 0
r3 : 0
r4 : 0
r5 : 0
r6 : 0
r7 : 0
r8 : 0
r9 : 0
r10 : 0
r13 : 0
r14 : 0
r15 : 0

executing cycle for 1 : 4395


here is me!!
idx_cham : 0
idx_proc : e
op : 1
pc : 1a9
carry : 1
cycle : 4395
r1 : -1
r2 : 0
r3 : 0
r4 : 0
r5 : 0
r6 : 0
r7 : 0
r8 : 0
r9 : 0
r10 : 0
r13 : 0
r14 : 0
r15 : 0

came in cycle for 3 : 4396
came in cycle for 9 : 4396
came in cycle for 12 : 4396
came in cycle for 12 : 4396
came in cycle for 3 : 4396
came in cycle for 12 : 4396
came in cycle for 12 : 4396
executing cycle for 3 : 4400


here is me!!
idx_cham : 0
idx_proc : 0
op : 3
pc : 14d
carry : 1
cycle : 4400
r1 : -1
r2 : 0
r3 : 0
r4 : 0
r5 : 0
r6 : 0
r7 : 0
r8 : 0
r9 : 0
r10 : 0
r13 : 0
r14 : 0
r15 : 0

((char*)(targ->arg))[0] : 2
type_arg.val_reg[0] : 0
executing cycle for 9 : 4400


here is me!!
idx_cham : 0
idx_proc : 9
op : 9
pc : 257
carry : 1
cycle : 4400
r1 : -1
r2 : 57672192
r3 : 318992387
r4 : 0
r5 : 0
r6 : 0
r7 : 0
r8 : 0
r9 : 0
r10 : 0
r13 : 0
r14 : 0
r15 : 0

executing cycle for 3 : 4400


here is me!!
idx_cham : 0
idx_proc : b
op : 3
pc : 7b
carry : 1
cycle : 4400
r1 : -1
r2 : 0
r3 : 0
r4 : 0
r5 : 0
r6 : 0
r7 : 0
r8 : 0
r9 : 0
r10 : 0
r13 : 0
r14 : 0
r15 : 0

((char*)(targ->arg))[0] : 2
type_arg.val_reg[0] : 0
came in cycle for 3 : 4401
came in cycle for 3 : 4401
came in cycle for 3 : 4401
executing cycle for 3 : 4405


here is me!!
idx_cham : 0
idx_proc : 0
op : 3
pc : 152
carry : 1
cycle : 4405
r1 : -1
r2 : 0
r3 : 0
r4 : 0
r5 : 0
r6 : 0
r7 : 0
r8 : 0
r9 : 0
r10 : 0
r13 : 0
r14 : 0
r15 : 0

((char*)(targ->arg))[0] : 2
type_arg.val_reg[0] : 0
executing cycle for 12 : 4405


here is me!!
idx_cham : 0
idx_proc : 4
op : 12
pc : 1ae
carry : 1
cycle : 4405
r1 : -1
r2 : 0
r3 : 0
r4 : 0
r5 : 0
r6 : 0
r7 : 0
r8 : 0
r9 : 0
r10 : 0
r13 : 0
r14 : 0
r15 : 0

executing cycle for 9 : 4405


here is me!!
idx_cham : 0
idx_proc : 5
op : 9
pc : 209
carry : 1
cycle : 4405
r1 : -1
r2 : 251883523
r3 : 386101251
r4 : 0
r5 : 0
r6 : 0
r7 : 0
r8 : 0
r9 : 0
r10 : 0
r13 : 0
r14 : 0
r15 : 0

executing cycle for 3 : 4405


here is me!!
idx_cham : 0
idx_proc : 9
op : 3
pc : 25a
carry : 1
cycle : 4405
r1 : -1
r2 : 57672192
r3 : 318992387
r4 : 0
r5 : 0
r6 : 0
r7 : 0
r8 : 0
r9 : 0
r10 : 0
r13 : 0
r14 : 0
r15 : 0

((char*)(targ->arg))[0] : 2
type_arg.val_reg[0] : 57672192
executing cycle for 3 : 4405


here is me!!
idx_cham : 0
idx_proc : b
op : 3
pc : 80
carry : 1
cycle : 4405
r1 : -1
r2 : 0
r3 : 0
r4 : 0
r5 : 0
r6 : 0
r7 : 0
r8 : 0
r9 : 0
r10 : 0
r13 : 0
r14 : 0
r15 : 0

((char*)(targ->arg))[0] : 2
type_arg.val_reg[0] : 0
came in cycle for 3 : 4406
came in cycle for 1 : 4406
came in cycle for 3 : 4406
came in cycle for 3 : 4406
came in cycle for 3 : 4406
came in cycle for 1 : 4406
executing cycle for 3 : 4410


here is me!!
idx_cham : 0
idx_proc : 0
op : 3
pc : 157
carry : 1
cycle : 4410
r1 : -1
r2 : 0
r3 : 0
r4 : 0
r5 : 0
r6 : 0
r7 : 0
r8 : 0
r9 : 0
r10 : 0
r13 : 0
r14 : 0
r15 : 0

((char*)(targ->arg))[0] : 2
type_arg.val_reg[0] : 0
executing cycle for 9 : 4410


here is me!!
idx_cham : 0
idx_proc : 3
op : 9
pc : 23f
carry : 1
cycle : 4410
r1 : -1
r2 : -65280
r3 : 436432899
r4 : 0
r5 : 0
r6 : 0
r7 : 0
r8 : 0
r9 : 0
r10 : 0
r13 : 0
r14 : 0
r15 : 0

executing cycle for 3 : 4410


here is me!!
idx_cham : 0
idx_proc : 5
op : 3
pc : 25a
carry : 1
cycle : 4410
r1 : -1
r2 : 251883523
r3 : 386101251
r4 : 0
r5 : 0
r6 : 0
r7 : 0
r8 : 0
r9 : 0
r10 : 0
r13 : 0
r14 : 0
r15 : 0

((char*)(targ->arg))[0] : 2
type_arg.val_reg[0] : 251883523
executing cycle for 3 : 4410


here is me!!
idx_cham : 0
idx_proc : 9
op : 3
pc : 25f
carry : 1
cycle : 4410
r1 : -1
r2 : 57672192
r3 : 318992387
r4 : 0
r5 : 0
r6 : 0
r7 : 0
r8 : 0
r9 : 0
r10 : 0
r13 : 0
r14 : 0
r15 : 0

((char*)(targ->arg))[0] : 3
type_arg.val_reg[0] : 318992387
executing cycle for 3 : 4410


here is me!!
idx_cham : 0
idx_proc : b
op : 3
pc : 85
carry : 1
cycle : 4410
r1 : -1
r2 : 0
r3 : 0
r4 : 0
r5 : 0
r6 : 0
r7 : 0
r8 : 0
r9 : 0
r10 : 0
r13 : 0
r14 : 0
r15 : 0

((char*)(targ->arg))[0] : 2
type_arg.val_reg[0] : 0
num p : 16
